cit:深圳
inf:深圳简介写在这里（未完成DEMO版本）！！！
vol:0.8 beta

wel:113.766666666667
esl:114.616666666667
nol:22.8666666666667
sol:22.45
wic:171
hic:106
bsX:22753
bsY:39284
//mar:22923
//mad:39389